
0
2
4
6
8
10
12
14
16
18
20
22
29
31
33
35
37
39
43
45
49
53
57
61
63
65
67
69
71
73
75
77
79
81
83
85
87
89
91
97
103
109
115
121
127
133
135
137
139
141
143
145
147
153
159
165
171
177
183
189
194
199
204
209
214
216
218
220
222
225
228
231
234
237
240
243
246
249
252
255
258
265
272
277
281
285
289
293
298
303
308
313
318
323
328
333
338
343
348
353
359
365
371
377
383
389
395
401
407
413
419
426
428
430
436
438
442
446
450
457
459
464
468
470
474
476
482
488
494
500
506
512
518
524
530
536
541
543
545
549
553
559
563
565
569
572
576
578
584
586
588
592
597
604
610
614
616
618
622
624
629
633
637
639
643
648
653
657
661
665
670
674
676
680
682
686
688
691
695
699
703
707
711
715
719
723
727
731
733
735
739
742
745
749
754
760
762
764
768
772
774
779
783
787
792
796
798
801
805
809
813
816
821
825
829
833
835
840
845
852
856
861
865
870
873
876
883
887
891
895
899
903
907
911
915
919
923
927
931
933
937
941
943
947
951
955
959
963
967
971
977
981
985
989
996
998
1004
1008
1010
1013
1020
1026
1028
1030
1032
1036
1040
1044
1050
1057
1061
1065
1067
1072
1077
1083
1089
1095
1101
1107
1112
1114
1120
1124
1128
1130
1132
1139
1141
1145
1149
1154
1159
1162
1166
1170
1174
1178
1182
1186
1190
1192
1197
1201
1206
1213
1217
1221
1225
1227
1229
1235
1239
1245
1249
1255
1259
1264
1269
1271
1277
1283
1289
1296
1299
1303
1307
1311
1318
1322
1326
1328
1332
1336
1340
1344
1347
1354
1360
1367
1371
1373
1379
1383
1387
1389
1393
1397
1406
1413
1419
1426
1430
1432
1439
1441
1445
1450
1454
1459
1464
1469
1474
1477
1481
1487
1494
1498
1502
1506
1508
1513
1518
1523
1528
1533
1537
1543
1547
1549
1555
1561
1565
1571
1577
1584
1588
1595
1597
1601
1603
1607
1609
1615
1618
1622
1627
1631
1638
1645
1649
1654
1660
1669
1676
1680
1682
1684
1689
1694
1699
1704
1709
1714
1719
1724
1729
1734
1739
1744
1751
1753
1760
1764
1766
1768
1771
1774
1780
1783
1787
1789
1791
1796
1801
1806
1811
1816
1821
1826
1829
1832
1835
1838
1841
1844
1847
1851
1853
1857
1859
1861
1863
1870
1874
1876
1878
1885
1887
1893
1899
1905
1909
1913
1920
1923
1927
1933
1939
1943
1949
1951
1955
1958
1964
1971
1975
1982
1986
1990
1994
1996
2002
2007
2011
2013
2019
2026
2030
2039
2044
2051
2058
2060
2062
2066
2068
2073
2078
2080
2085
2089
2091
2096
2101
2108
2110
2115
2119
2124
2130
2137
2144
2146
2148
2154
2160
2166
2171
2175
2180
2184
2188
2190
2194
2198
2204
2209
2213
2217
2219
2224
2229
2234
2239
2244
2249
2254
2258
2260
2262
2266
2270
2272
2279
2281
2286
2291
2296
2301
2306
2311
2316
2321
2325
2332
2334
2336
2341
2346
2350
2352
2354
2359
2363
2365
2370
2375
2378
2382
2384
2388
2390
2393
2396
2400
2402
2404
2409
2414
2418
2423
2427
2432
2437
2442
2449
2455
2458
2462
2466
2470
2475
2480
2484
2487
2489
2492
2495
2497
2501
2503
2508
2513
2518
2525
2533
2537
2543
2548
2553
2558
2563
2568
2570
2572
2573
2574
2575
2576
2577
2581
2586
2591
2593
2598
2603
2606
2610
2614
2618
2622
2626
2631
2635
2637
2641
2643
2645
2650
2654
2658
2660
2665
2670
2675
2680
2684
2686
2692
2697
2702
2707
2712
2717
2722
2727
2732
2737
2742
2747
2752
2757
2762
2767
2772
2777
2782
2787
2792
2797
2802
2807
2812
2814
2819
2823
2828
2833
2835
2838
2841
2844
2847
2850
2853
2856
2859
2862
2865
2869
2873
2877
2881
2883
2886
2891
2895
2900
2903
2907
2909
2916
2918
2922
2924
2925
2926
2927
2928
2929
2930
2931
2932
2933
2934
2935
2936
2937
2938
2939
2940
2941
2942
2943
2944
2945
2946
2947
2948
2949
2950
2951
2952
2953
2954
2955
2956
2957
2958
2959
2960
2961
2962
2963
2964
2965
2966
2967
2968
2969
2970
2971
2972
2973
2974
2975
2976
2977
2978
2979
2980
2981
2982
2983
2984
2985
2986
2987
2988
2989
2990
2991
2992
2993
2994
2995
2996
2997
2998
2999
3000
3001
3002
3003
3004
3005
3006
3007
3008
3009
3010
3011
3012
3013
3014
3015
3016
3017
3018
3019
3020
3021
3022
3023
3024
3025
3026
3027
3028
3029
3030
3031
3032
3033
3034
3035
3036
3037
3038
3039
3040
3041
3042
3043
3044
3045
3046
3047
3048
3049
3050
3051
3052
3053
3054
3055
3056
3057
3058
3059
3060
3061
3062
3063
3064
3065
3066
3067
3068
3069
3070
3071
3072
3073
3074
3075
3076
3077
3078
3079
3080
3081
3082
3083
3084
3085
3086
3087
3088
3089
3090
3091
3092
3093
3094
3095
3096
3097
3098
3099
3100
3101
3102
3103
3104
3105
3106
3107
3108
3109
3110
3111
3112
3113
3114
3115
3116
3117
3118
3119
3120
3121
3122
3123
3124
3125
3126
3127
3128
3129
3130
3131
3132
3133
3134
3135
3136
3137
3138
3139
3140
3141
3142
3143
3144
3145
3146
3147
3148
3149
3150
3151
3152
3153
3154
3155
3156
3157
3158
3159
3160
3161
3162
3163
3164
3165
3166
3167
3168
3169
3170
3171
3172
3173
3174
3175
3176
3177
3178
3179
3180
3181
3182
3183
3184
3185
3186
3187
3188
3189
3190
3191
3192
3193
3194
3195
3196
3197
3198
3199
3200
3201
3202
3203
3204
3205
3206
3207
3208
3209
3210
3211
3212
3213
3214
3215
3216
3217
3218
3219
3220
3221
3222
3223
3290
3293
3297
3301
3303
3308
3313
3318
3323
3328
3333
3338
3343
3348
3353
3358
3363
3368
3373
3378
3383
3388
3396
3404
3412
3420
3428
3436
3444
3452
3460
3468
3473
3478
3483
3485
3487
3490
3493
3497
3499
3504
3507
3511
3517
3523
3531
3539
3547
3555
3563
3570
3574
3578
3580
3582
3590
3594
3597
3604
3608
3614
3620
3626
3630
3634
3641
3644
3648
3653
3660
3662
3668
3674
3680
3684
3688
3695
3698
3702
3708
3714
3720
3727
3730
3734
3738
3742
3748
3754
3760
3764
3768
3775
3778
3782
3787
3791
3795
3800
3805
3810
3815
3820
3825
3830
3834
3836
3838
3842
3846
3851
3855
3857
3862
3866
3868
3872
3874
3878
3882
3884
3889
3891
3895
3898
3902
3906
3908
3913
3917
3922
3924
3926
3930
3934
3938
3942
3946
3950
3954
3958
3965
3967
3972
3976
3980
3984
3991
3993
4000
4002
4009
4011
4018
4020
4024
4028
4034
4038
4043
4047
4051
4053
4057
4059
4061
4064
4069
4072
4076
4078
4082
4084
4088
4090
4095
4097
4101
4106
4110
4112
4116
4118
4123
4130
4134
4136
4140
4142
4146
4148
4154
4159
4166
4168
4174
4176
4181
4186
4191
4193
4197
4203
4207
4213
4220
4225
4229
4231
4235
4241
4245
4247
4250
4253
4256
4259
4263
4265
4269
4274
4279
4284
4286
4290
4292
4299
4303
4307
4309
4311
4313
4318
4325
4331
4338
4340
4345
4349
4353
4360
4364
4371
4375
4379
4385
4387
4393
4399
4405
4412
4416
4420
4422
4426
4428
4430
4434
4441
4445
4447
4449
4456
4460
4462
4466
4468
4473
4478
4483
4490
4495
4500
4504
4508
4510
4514
4518
4522
4524
4526
4531
4536
4540
4546
4550
4554
4556
4559
4564
4569
4573
4579
4588
4590
4595
4600
4605
4609
4614
4619
4624
4629
4634
4639
4644
4649
4654
4659
4663
4667
4672
4676
4678
4682
4689
4691
4696
4700
4707
4714
4716
4723
4728
4734
4739
4744
4749
4751
4756
4760
4764
4766
4768
4770
4772
4776
4778
4780
4782
4786
4788
4790
4792
4794
4799
4804
4809
4814
4819
4824
4829
4834
4838
4842
4844
4848
4853
4857
4859
4861
4863
4868
4873
4878
4883
4888
4893
4898
4903
4908
4913
4918
4922
4929
4933
4935
4941
4945
4951
4958
4962
4964
4969
4974
4978
4983
4987
4989
4992
4997
5001
5005
5007
5009
5014
5019
5024
5029
5033
5037
5043
5045
5049
5053
5058
5063
5068
5072
5074
5076
5078
5083
5085
5087
5091
5094
5099
5104
5108
5110
5116
5119
5124
5128
5134
5141
5145
5147
5150
5156
5158
5162
5166
5168
5172
5176
5181
5183
5187
5191
5193
5195
5201
5206
5209
5212
5218
5225
5227
5234
5236
5241
5246
5252
5258
5261
5265
5269
5273
5277
5281
5285
5289
5293
5297
5302
5306
5313
5317
5321
5323
5327
5331
5335
5339
5344
5348
5354
5359
5364
5368
5370
5374
5379
5383
5387
5393
5400
5404
5406
5409
5416
5421
5426
5433
5435
5440
5445
5450
5455
5460
5465
5470
5475
5480
5485
5490
5495
5500
5505
5510
5515
5520
5525
5530
5535
5540
5545
5550
5555
5560
5565
5570
5575
5580
5584
5588
5592
5596
5600
5604
5608
5612
5616
5620
5624
5628
5632
5636
5641
5646
5651
5656
5661
5666
5671
5676
5681
5686
5691
5696
5701
5706
5711
5715
5721
5728
5732
5736
5738
5740
5744
5746
5750
5754
5758
5760
5765
5769
5774
5778
5780
5786
5790
5797
5799
5806
5808
5815
5817
5824
5826
5833
5837
5839
5843
5847
5849
5854
5856
5860
5862
5867
5871
5873
5877
5881
5883
5886
5889
5895
5899
5904
5907
5910
5913
5917
5921
5925
5929
5933
5936
5939
5942
5945
5950
5954
5958
5961
5966
5971
5976
5979
5983
5987
5989
5994
6000
6007
6009
6013
6017
6022
6029
6031
6038
6040
6045
6050
6056
6063
6065
6069
6071
6073
6080
6083
6087
6090
6092
6096
6100
6104
6108
6112
6115
6118
6122
6126
6130
6134
6138
6140
6143
6145
6148
6152
6156
6160
6164
6166
6170
6172
6174
6178
6180
6184
6188
6190
6193
6197
6199
6204
6209
6214
6221
6223
6228
6232
6237
6244
6246
6250
6254
6258
6263
6265
6270
6276
6278
6280
6284
6286
6288
6293
6298
6304
6310
6316
6321
6326
6331
6336
6341
6346
6351
6355
6362
6366
6374
6378
6382
6386
6388
6392
6396
6400
6404
6408
6412
6416
6420
6422
6424
6430
6437
6441
6443
6445
6452
6457
6461
6466
6468
6473
6475
6479
6484
6489
6495
6499
6501
6506
6513
6518
6525
6529
6531
6537
6543
6545
6547
6550
6554
6558
6562
6566
6570
6574
6578
6582
6586
6590
6594
6598
6602
6606
6610
6614
6618
6622
6626
6630
6634
6638
6642
6646
6651
6656
6661
6666
6671
6676
6681
6686
6691
6696
6701
6706
6711
6716
6721
6726
6731
6736
6740
6744
6750
6756
6762
6764
6769
6773
6778
6783
6787
6789
6794
6799
6804
6806
6808
6810
6814
6818
6823
6825
6827
6829
6833
6835
6839
6844
6849
6853
6856
6865
6869
6872
6881
6884
6888
6891
6900
6904
6911
6913
6917
6919
6923
6927
6932
6938
6943
6950
6957
6964
6971
6978
6985
6992
6996
6998
7004
7011
7015
7019
7023
7027
7031
7035
7039
7043
7047
7051
7055
7059
7063
7067
7071
7077
7083
7087
7093
7098
7102
7111
7115
7122
7129
7136
7143
7150
7157
7164
7170
7172
7177
7181
7185
7190
7195
7199
7206
7213
7220
7227
7234
7241
7248
7250
7255
7257
7261
7265
7269
7271
7273
7280
7287
7294
7301
7308
7315
7322
7326
7330
7334
7338
7342
7346
7350
7354
7358
7362
7366
7370
7374
7378
7383
7388
7393
7398
7403
7408
7413
7420
7422
7426
7432
7436
7438
7442
7446
7448
7454
7458
7462
7466
7470
7474
7478
7482
7487
7492
7497
7502
7507
7512
7517
7522
7527
7532
7537
7542
7547
7552
7557
7562
7567
7572
7577
7582
7587
7592
7597
7602
7607
7612
7617
7622
7627
7632
7637
7642
7647
7652
7657
7659
7663
7667
7672
7676
7678
7684
7688
7693
7697
7699
7701
7705
7707
7711
7717
7721
7726
7730
7734
7738
7742
7744
7746
7753
7758
7763
7767
7771
7777
7781
7783
7790
7794
7796
7803
7809
7811
7814
7821
7826
7835
7837
7842
7849
7851
7857
7864
7868
7872
7874
7879
7883
7885
7889
7893
7897
7901
7905
7909
7913
7917
7921
7923
7927
7931
7936
7941
7946
7951
7956
7961
7966
7970
7974
7978
7983
7987
7991
7998
8002
8004
8008
8012
8016
8020
8024
8028
8032
8038
8043
8048
8053
8057
8062
8066
8070
8072
8077
8082
8087
8091
8096
8100
8104
8106
8111
8116
8119
8124
8129
8131
8136
8139
8146
8148
8150
8155
8157
8161
8164
8169
8174
8179
8184
8189
8194
8199
8204
8209
8214
8219
8224
8226
8228
8232
8234
8240
8248
8254
8259
8263
8265
8269
8273
8278
8284
8289
8293
8296
8299
8305
8311
8315
8319
8321
8326
8330
8336
8341
8346
8350
8355
8360
8365
8369
8371
8373
8375
8377
8379
8383
8388
8393
8400
8402
8407
8411
8415
8421
8427
8433
8436
8440
8444
8448
8450
8454
8458
8464
8466
8470
8477
8479
8485
8492
8494
8499
8503
8506
8510
8512
8520
8527
8529
8531
8533
8538
8543
8547
8549
8554
8557
8562
8566
8570
8573
8579
8584
8588
8592
8596
8598
8605
8607
8610
8613
8618
8621
8623
8627
8633
8640
8644
8648
8652
8654
8658
8660
8672
8676
8680
8686
8692
8698
8704
8706
8708
8713
8717
8721
8726
8730
8735
8737
8741
8746
8750
8754
8759
8762
8765
8769
8771
8776
8781
8785
8788
8794
8798
8800
8805
8812
8814
8816
8818
8825
8827
8829
8835
8839
8841
8845
8851
8855
8857
8862
8869
8874
8879
8881
8887
8889
8893
8897
8902
8907
8914
8921
8926
8931
8935
8940
8942
8944
8946
8948
8953
8955
8961
8966
8968
8973
8975
8979
8984
8988
8994
9001
9005
9010
9012
9019
9023
9030
9034
9036
9040
9044
9048
9053
9056
9060
9064
9068
9072
9074
9079
9081
9083
9089
9093
9097
9102
9106
9110
9112
9117
9121
9127
9134
9138
9140
9144
9146
9152
9156
9158
9160
9162
9166
9170
9174
9176
9178
9180
9185
9190
9194
9196
9203
9207
9209
9216
9220
9222
9229
